0.002329
1213161
0.002329
1213161
0.002329
1213161
0.002329
1213161
0.002329
1213161
0.002329
1213149
0.002329
1213149
0.002329
1213149
0.002329
1213149
0.002329
1213149
0.002329
1213149
0.002329
1213149
0.002329
1213149
0.002329
1213149
0.002329
1213149
0.002329
1213149
0.002329
1213149
0.002329
1213149
0.002329
1213149
0.002329
1213149
0.002329
1213149
0.002329
1213149
0.002329
1213149
0.002329
1213149
0.002329
1213149
0.002329
1213149
0.002329
1213149
0.002329
1213149
0.002329
1213149
0.002329
1213149
0.001654
500032
0.001654
500032
0.001654
500032
0.001654
500032
0.001654
500032
0.001540
763407
0.001540
763406
0.001540
763406
0.001540
763406
0.001540
763406
0.001540
763402
0.001540
763401
0.001540
763401
0.001540
763401
0.001540
763401
0.001540
763402
0.001540
763401
0.001540
763401
0.001540
763401
0.001540
763401
0.001540
763402
0.001540
763401
0.001540
763401
0.001540
763401
0.001540
763401
0.001540
763402
0.001540
763401
0.001540
763401
0.001540
763401
0.001540
763401
0.001593
1101
0.001593
1101
0.001593
1101
0.001593
1101
0.001593
1101
0.001188
234712
0.001188
234710
0.001188
234710
0.001188
234710
0.001188
234710
0.001146
462409
0.001146
462407
0.001146
462407
0.001146
462407
0.001146
462407
0.001146
462409
0.001146
462407
0.001146
462407
0.001146
462407
0.001146
462407
0.001146
462409
0.001146
462407
0.001146
462407
0.001146
462407
0.001146
462407
0.001146
462409
0.001146
462407
0.001146
462407
0.001146
462407
0.001146
462407
0.001573
52
0.001573
52
0.001573
52
0.001573
52
0.001573
52
0.001131
2236
0.001131
2236
0.001131
2236
0.001131
2236
0.001131
2236
0.000929
123347
0.000929
123716
0.000929
123716
0.000929
123716
0.000929
123716
0.000927
222202
0.000927
222289
0.000927
222289
0.000927
222289
0.000927
222289
0.000927
222202
0.000927
222289
0.000927
222289
0.000927
222289
0.000927
222289
0.000927
222202
0.000927
222289
0.000927
222289
0.000927
222289
0.000927
222289
0.001574
0
0.001574
0
0.001574
0
0.001574
0
0.001574
0
0.001129
437
0.001129
437
0.001129
437
0.001129
437
0.001129
437
0.000900
2267
0.000900
2261
0.000900
2261
0.000900
2261
0.000900
2261
0.000855
66456
0.000854
67005
0.000854
67005
0.000854
67005
0.000854
67005
0.000860
160395
0.000859
160863
0.000859
160863
0.000859
160863
0.000859
160863
0.000860
160395
0.000859
160863
0.000859
160863
0.000859
160863
0.000859
160863
0.001574
0
0.001574
0
0.001574
0
0.001574
0
0.001574
0
0.001125
135
0.001125
135
0.001125
135
0.001125
135
0.001125
135
0.000894
895
0.000894
895
0.000894
895
0.000894
895
0.000894
895
0.000826
2703
0.000826
2707
0.000826
2707
0.000826
2707
0.000826
2707
0.000817
35356
0.000816
35833
0.000816
35833
0.000816
35833
0.000816
35833
0.000822
89027
0.000823
89514
0.000823
89514
0.000823
89514
0.000823
89514
